{
  "kernel": [
    [
      1.0701772354887678e-07,
      1.4518291953121418e-07,
      1.9499900605340242e-07,
      2.5930227377124397e-07,
      3.413793974827647e-07,
      4.449644811715911e-07,
      5.742095856035565e-07,
      7.336224048136497e-07,
      9.27965412787696e-07,
      1.1621121662743929e-06,
      1.440858594964308e-06,
      1.7686900403863152e-06,
      2.1495084377764534e-06,
      2.586328189542705e-06,
      3.080953670710636e-06,
      3.633655558304724e-06,
      4.2428668405684e-06,
      4.904921959075129e-06,
      5.613863606533998e-06,
      6.361340861472154e-06,
      7.136619339826602e-06,
      7.92671882281514e-06,
      8.716686545603424e-06,
      9.490005407258758e-06,
      1.022912642029367e-05,
      1.0916104570983156e-05,
      1.1533307833288524e-05,
      1.2064161310523234e-05,
      1.2493883223315753e-05,
      1.2810167382932126e-05,
      1.3003768270328561e-05,
      1.30689499300344e-05,
      1.3003768270328561e-05,
      1.2810167382932126e-05,
      1.2493883223315753e-05,
      1.2064161310523234e-05,
      1.1533307833288524e-05,
      1.0916104570983156e-05,
      1.022912642029367e-05,
      9.490005407258758e-06,
      8.716686545603424e-06,
      7.92671882281514e-06,
      7.136619339826602e-06,
      6.361340861472154e-06,
      5.613863606533998e-06,
      4.904921959075129e-06,
      4.2428668405684e-06,
      3.633655558304724e-06,
      3.080953670710636e-06,
      2.586328189542705e-06,
      2.1495084377764534e-06,
      1.7686900403863152e-06,
      1.440858594964308e-06,
      1.1621121662743929e-06,
      9.27965412787696e-07,
      7.336224048136497e-07,
      5.742095856035565e-07,
      4.449644811715911e-07,
      3.413793974827647e-07,
      2.5930227377124397e-07,
      1.9499900605340242e-07,
      1.4518291953121418e-07,
      1.0701772354887678e-07,
      7.810034399557183e-08
    ],
    [
      1.4518291953121418e-07,
      1.969587786454858e-07,
      2.6454052717340767e-07,
      3.5177594793443447e-07,
      4.6312382613631856e-07,
      6.036499406070731e-07,
      7.789870807956273e-07,
      9.952504971357505e-07,
      1.258901080912781e-06,
      1.5765504210655672e-06,
      1.9547047957249973e-06,
      2.3994491313561624e-06,
      2.9160768908603866e-06,
      3.508677487913453e-06,
      4.179698782789852e-06,
      4.929507982708727e-06,
      5.7559792403411126e-06,
      6.65413976747559e-06,
      7.6159077320907205e-06,
      8.629954065318283e-06,
      9.681716233346538e-06,
      1.0753584946831078e-05,
      1.1825274911133555e-05,
      1.287437861415149e-05,
      1.3877088660681942e-05,
      1.480906039642629e-05,
      1.5646373774006746e-05,
      1.636654287415615e-05,
      1.6949514365390145e-05,
      1.737859336438054e-05,
      1.7641237168826722e-05,
      1.7729664238121103e-05,
      1.7641237168826722e-05,
      1.737859336438054e-05,
      1.6949514365390145e-05,
      1.636654287415615e-05,
      1.5646373774006746e-05,
      1.480906039642629e-05,
      1.3877088660681942e-05,
      1.287437861415149e-05,
      1.1825274911133555e-05,
      1.0753584946831078e-05,
      9.681716233346538e-06,
      8.629954065318283e-06,
      7.6159077320907205e-06,
      6.65413976747559e-06,
      5.7559792403411126e-06,
      4.929507982708727e-06,
      4.179698782789852e-06,
      3.508677487913453e-06,
      2.9160768908603866e-06,
      2.3994491313561624e-06,
      1.9547047957249973e-06,
      1.5765504210655672e-06,
      1.258901080912781e-06,
      9.952504971357505e-07,
      7.789870807956273e-07,
      6.036499406070731e-07,
      4.6312382613631856e-07,
      3.5177594793443447e-07,
      2.6454052717340767e-07,
      1.969587786454858e-07,
      1.4518291953121418e-07,
      1.059528794077799e-07
    ],
    [
      1.9499900605340242e-07,
      2.6454052717340767e-07,
      3.553113549873671e-07,
      4.7247954802259027e-07,
      6.220338182193299e-07,
      8.107781466487653e-07,
      1.0462780812926832e-06,
      1.336747176198647e-06,
      1.6908632247526013e-06,
      2.117506426331112e-06,
      2.6254155345887185e-06,
      3.2227633746513525e-06,
      3.916659736070509e-06,
      4.712597218145709e-06,
      5.613863606533998e-06,
      6.620952106930506e-06,
      7.73100743775316e-06,
      8.937350516079047e-06,
      1.022912642029367e-05,
      1.1591118779380776e-05,
      1.3003768270328561e-05,
      1.4443423392460784e-05,
      1.5882838431854995e-05,
      1.7291917268373763e-05,
      1.8638683561988354e-05,
      1.9890439365817187e-05,
      2.1015057033726135e-05,
      2.1982335134848177e-05,
      2.2765339511087202e-05,
      2.3341646824589924e-05,
      2.3694410641287234e-05,
      2.38131793688779e-05,
      2.3694410641287234e-05,
      2.3341646824589924e-05,
      2.2765339511087202e-05,
      2.1982335134848177e-05,
      2.1015057033726135e-05,
      1.9890439365817187e-05,
      1.8638683561988354e-05,
      1.7291917268373763e-05,
      1.5882838431854995e-05,
      1.4443423392460784e-05,
      1.3003768270328561e-05,
      1.1591118779380776e-05,
      1.022912642029367e-05,
      8.937350516079047e-06,
      7.73100743775316e-06,
      6.620952106930506e-06,
      5.613863606533998e-06,
      4.712597218145709e-06,
      3.916659736070509e-06,
      3.2227633746513525e-06,
      2.6254155345887185e-06,
      2.117506426331112e-06,
      1.6908632247526013e-06,
      1.336747176198647e-06,
      1.0462780812926832e-06,
      8.107781466487653e-07,
      6.220338182193299e-07,
      4.7247954802259027e-07,
      3.553113549873671e-07,
      2.6454052717340767e-07,
      1.9499900605340242e-07,
      1.4230810511129763e-07
    ],
    [
      2.5930227377124397e-07,
      3.5177594793443447e-07,
      4.7247954802259027e-07,
      6.28285362024437e-07,
      8.271569516754795e-07,
      1.078141992644232e-06,
      1.3913008633588027e-06,
      1.7775556361075663e-06,
      2.2484457110230324e-06,
      2.8157796400383135e-06,
      3.4911778859363177e-06,
      4.285508361231988e-06,
      5.2082253940988385e-06,
      6.266632834521054e-06,
      7.465102655021981e-06,
      8.804290701807057e-06,
      1.028040012984884e-05,
      1.1884549348293763e-05,
      1.3602303894560662e-05,
      1.541342961626628e-05,
      1.7291917268373763e-05,
      1.9206315983375792e-05,
      2.1120395445469187e-05,
      2.2994134976901435e-05,
      2.4785013654904014e-05,
      2.6449550991316273e-05,
      2.7945024862256115e-05,
      2.9231274551761644e-05,
      3.027248403913724e-05,
      3.103883562116184e-05,
      3.150792754950115e-05,
      3.1665861693579516e-05,
      3.150792754950115e-05,
      3.103883562116184e-05,
      3.027248403913724e-05,
      2.9231274551761644e-05,
      2.7945024862256115e-05,
      2.6449550991316273e-05,
      2.4785013654904014e-05,
      2.2994134976901435e-05,
      2.1120395445469187e-05,
      1.9206315983375792e-05,
      1.7291917268373763e-05,
      1.541342961626628e-05,
      1.3602303894560662e-05,
      1.1884549348293763e-05,
      1.028040012984884e-05,
      8.804290701807057e-06,
      7.465102655021981e-06,
      6.266632834521054e-06,
      5.2082253940988385e-06,
      4.285508361231988e-06,
      3.4911778859363177e-06,
      2.8157796400383135e-06,
      2.2484457110230324e-06,
      1.7775556361075663e-06,
      1.3913008633588027e-06,
      1.078141992644232e-06,
      8.271569516754795e-07,
      6.28285362024437e-07,
      4.7247954802259027e-07,
      3.5177594793443447e-07,
      2.5930227377124397e-07,
      1.8923591447092302e-07
    ],
    [
      3.413793974827647e-07,
      4.6312382613631856e-07,
      6.220338182193299e-07,
      8.271569516754795e-07,
      1.0889774998107641e-06,
      1.4194070051790323e-06,
      1.8316902645816698e-06,
      2.3402065212194373e-06,
      2.9601477493363633e-06,
      3.7070602697781474e-06,
      4.596242778254658e-06,
      5.642003214963586e-06,
      6.856788492955625e-06,
      8.250214354779602e-06,
      9.828036636372167e-06,
      1.1591118779380776e-05,
      1.3534462120859086e-05,
      1.5646373774006746e-05,
      1.790785032606042e-05,
      2.0292252894727625e-05,
      2.2765339511087202e-05,
      2.5285704143314524e-05,
      2.7805648469294605e-05,
      3.027248403913724e-05,
      3.2630230753693996e-05,
      3.482164521654316e-05,
      3.67904824410985e-05,
      3.8483869612871497e-05,
      3.985465384196465e-05,
      4.086357920743337e-05,
      4.148115312042487e-05,
      4.1689078265713e-05,
      4.148115312042487e-05,
      4.086357920743337e-05,
      3.985465384196465e-05,
      3.8483869612871497e-05,
      3.67904824410985e-05,
      3.482164521654316e-05,
      3.2630230753693996e-05,
      3.027248403913724e-05,
      2.7805648469294605e-05,
      2.5285704143314524e-05,
      2.2765339511087202e-05,
      2.0292252894727625e-05,
      1.790785032606042e-05,
      1.5646373774006746e-05,
      1.3534462120859086e-05,
      1.1591118779380776e-05,
      9.828036636372167e-06,
      8.250214354779602e-06,
      6.856788492955625e-06,
      5.642003214963586e-06,
      4.596242778254658e-06,
      3.7070602697781474e-06,
      2.9601477493363633e-06,
      2.3402065212194373e-06,
      1.8316902645816698e-06,
      1.4194070051790323e-06,
      1.0889774998107641e-06,
      8.271569516754795e-07,
      6.220338182193299e-07,
      4.6312382613631856e-07,
      3.413793974827647e-07,
      2.491348861875954e-07
    ],
    [
      4.449644811715911e-07,
      6.036499406070731e-07,
      8.107781466487653e-07,
      1.078141992644232e-06,
      1.4194070051790323e-06,
      1.8500990577871593e-06,
      2.387481828887424e-06,
      3.0502976694759548e-06,
      3.8583482693656375e-06,
      4.831897184706156e-06,
      5.990885209374748e-06,
      7.353961755824678e-06,
      8.937350516079047e-06,
      1.0753584946831078e-05,
      1.2810167382932126e-05,
      1.5108223260971253e-05,
      1.7641237168826722e-05,
      2.0393968235646684e-05,
      2.3341646824589924e-05,
      2.6449550991316273e-05,
      2.9673048692862248e-05,
      3.295817002476359e-05,
      3.624274351648296e-05,
      3.945809341036774e-05,
      4.253125351116071e-05,
      4.538761100280703e-05,
      4.795385442755797e-05,
      5.016106772123261e-05,
      5.1947790346541105e-05,
      5.326285492014155e-05,
      5.406781988816732e-05,
      5.433883596317909e-05,
      5.406781988816732e-05,
      5.326285492014155e-05,
      5.1947790346541105e-05,
      5.016106772123261e-05,
      4.795385442755797e-05,
      4.538761100280703e-05,
      4.253125351116071e-05,
      3.945809341036774e-05,
      3.624274351648296e-05,
      3.295817002476359e-05,
      2.9673048692862248e-05,
      2.6449550991316273e-05,
      2.3341646824589924e-05,
      2.0393968235646684e-05,
      1.7641237168826722e-05,
      1.5108223260971253e-05,
      1.2810167382932126e-05,
      1.0753584946831078e-05,
      8.937350516079047e-06,
      7.353961755824678e-06,
      5.990885209374748e-06,
      4.831897184706156e-06,
      3.8583482693656375e-06,
      3.0502976694759548e-06,
      2.387481828887424e-06,
      1.8500990577871593e-06,
      1.4194070051790323e-06,
      1.078141992644232e-06,
      8.107781466487653e-07,
      6.036499406070731e-07,
      4.449644811715911e-07,
      3.2473012780393057e-07
    ],
    [
      5.742095856035565e-07,
      7.789870807956273e-07,
      1.0462780812926832e-06,
      1.3913008633588027e-06,
      1.8316902645816698e-06,
      2.387481828887424e-06,
      3.080953670710636e-06,
      3.936292074696739e-06,
      4.9790503615776936e-06,
      6.23537787286706e-06,
      7.73100743775316e-06,
      9.490005407258758e-06,
      1.1533307833288524e-05,
      1.3877088660681942e-05,
      1.6531029364631615e-05,
      1.949658227786246e-05,
      2.2765339511087202e-05,
      2.631763330540285e-05,
      3.012149939510284e-05,
      3.413213044361413e-05,
      3.8291930512431196e-05,
      4.253125351116071e-05,
      4.676986954316104e-05,
      5.091915517889706e-05,
      5.488495034376823e-05,
      5.857097006223056e-05,
      6.188260871168906e-05,
      6.473093275625663e-05,
      6.703662973136249e-05,
      6.873367009256344e-05,
      6.977244648994787e-05,
      7.012218233339017e-05,
      6.977244648994787e-05,
      6.873367009256344e-05,
      6.703662973136249e-05,
      6.473093275625663e-05,
      6.188260871168906e-05,
      5.857097006223056e-05,
      5.488495034376823e-05,
      5.091915517889706e-05,
      4.676986954316104e-05,
      4.253125351116071e-05,
      3.8291930512431196e-05,
      3.413213044361413e-05,
      3.012149939510284e-05,
      2.631763330540285e-05,
      2.2765339511087202e-05,
      1.949658227786246e-05,
      1.6531029364631615e-05,
      1.3877088660681942e-05,
      1.1533307833288524e-05,
      9.490005407258758e-06,
      7.73100743775316e-06,
      6.23537787286706e-06,
      4.9790503615776936e-06,
      3.936292074696739e-06,
      3.080953670710636e-06,
      2.387481828887424e-06,
      1.8316902645816698e-06,
      1.3913008633588027e-06,
      1.0462780812926832e-06,
      7.789870807956273e-07,
      5.742095856035565e-07,
      4.1905176707212124e-07
    ],
    [
      7.336224048136497e-07,
      9.952504971357505e-07,
      1.336747176198647e-06,
      1.7775556361075663e-06,
      2.3402065212194373e-06,
      3.0502976694759548e-06,
      3.936292074696739e-06,
      5.029090649632037e-06,
      6.361340861472154e-06,
      7.966451666261107e-06,
      9.877299875018938e-06,
      1.2124633170743408e-05,
      1.473519989956229e-05,
      1.7729664238121103e-05,
      2.1120395445469187e-05,
      2.4909249052849756e-05,
      2.9085482961710324e-05,
      3.3623969224093466e-05,
      3.8483869612871497e-05,
      4.3607937319850775e-05,
      4.8922586546442625e-05,
      5.433883596317909e-05,
      5.975418214415462e-05,
      6.505539790694586e-05,
      7.012218233339017e-05,
      7.483151968659111e-05,
      7.906253980677234e-05,
      8.270161931302581e-05,
      8.56474269102131e-05,
      8.781560184505235e-05,
      8.91427647100049e-05,
      8.958959467757846e-05,
      8.91427647100049e-05,
      8.781560184505235e-05,
      8.56474269102131e-05,
      8.270161931302581e-05,
      7.906253980677234e-05,
      7.483151968659111e-05,
      7.012218233339017e-05,
      6.505539790694586e-05,
      5.975418214415462e-05,
      5.433883596317909e-05,
      4.8922586546442625e-05,
      4.3607937319850775e-05,
      3.8483869612871497e-05,
      3.3623969224093466e-05,
      2.9085482961710324e-05,
      2.4909249052849756e-05,
      2.1120395445469187e-05,
      1.7729664238121103e-05,
      1.473519989956229e-05,
      1.2124633170743408e-05,
      9.877299875018938e-06,
      7.966451666261107e-06,
      6.361340861472154e-06,
      5.029090649632037e-06,
      3.936292074696739e-06,
      3.0502976694759548e-06,
      2.3402065212194373e-06,
      1.7775556361075663e-06,
      1.336747176198647e-06,
      9.952504971357505e-07,
      7.336224048136497e-07,
      5.353894689475115e-07
    ],
    [
      9.27965412787696e-07,
      1.258901080912781e-06,
      1.6908632247526013e-06,
      2.2484457110230324e-06,
      2.9601477493363633e-06,
      3.8583482693656375e-06,
      4.9790503615776936e-06,
      6.361340861472154e-06,
      8.046515836574978e-06,
      1.0076834568340425e-05,
      1.2493883223315753e-05,
      1.5336554815343028e-05,
      1.8638683561988354e-05,
      2.2426407761489357e-05,
      2.6715373398080214e-05,
      3.150792754950115e-05,
      3.67904824410985e-05,
      4.253125351116071e-05,
      4.867858412809442e-05,
      5.5160062302233556e-05,
      6.188260871168906e-05,
      6.873367009256344e-05,
      7.558358896260359e-05,
      8.228914326590323e-05,
      8.869816331619188e-05,
      9.465504542917711e-05,
      0.00010000689987987964,
      0.00010461000345745581,
      0.000108336181318138,
      0.00011107872480536301,
      0.00011275746475077815,
      0.0001133226638948946,
      0.00011275746475077815,
      0.00011107872480536301,
      0.000108336181318138,
      0.00010461000345745581,
      0.00010000689987987964,
      9.465504542917711e-05,
      8.869816331619188e-05,
      8.228914326590323e-05,
      7.558358896260359e-05,
      6.873367009256344e-05,
      6.188260871168906e-05,
      5.5160062302233556e-05,
      4.867858412809442e-05,
      4.253125351116071e-05,
      3.67904824410985e-05,
      3.150792754950115e-05,
      2.6715373398080214e-05,
      2.2426407761489357e-05,
      1.8638683561988354e-05,
      1.5336554815343028e-05,
      1.2493883223315753e-05,
      1.0076834568340425e-05,
      8.046515836574978e-06,
      6.361340861472154e-06,
      4.9790503615776936e-06,
      3.8583482693656375e-06,
      2.9601477493363633e-06,
      2.2484457110230324e-06,
      1.6908632247526013e-06,
      1.258901080912781e-06,
      9.27965412787696e-07,
      6.772188339589537e-07
    ],
    [
      1.1621121662743929e-06,
      1.5765504210655672e-06,
      2.117506426331112e-06,
      2.8157796400383135e-06,
      3.7070602697781474e-06,
      4.831897184706156e-06,
      6.23537787286706e-06,
      7.966451666261107e-06,
      1.0076834568340425e-05,
      1.261944883724016e-05,
      1.5646373774006746e-05,
      1.9206315983375792e-05,
      2.3341646824589924e-05,
      2.808509988229465e-05,
      3.345626897796368e-05,
      3.945809341036774e-05,
      4.607355690064557e-05,
      5.326285492014155e-05,
      6.0961296695669384e-05,
      6.90781990476456e-05,
      7.749699662686078e-05,
      8.607673642415456e-05,
      9.465504542917711e-05,
      0.00010305256340785736,
      0.00011107872480536301,
      0.00011853866359313141,
      0.00012524091249549872,
      0.0001310054836706814,
      0.0001356718608501849,
      0.00013910641035938084,
      0.0001412087345276029,
      0.00014191654625495212,
      0.0001412087345276029,
      0.00013910641035938084,
      0.0001356718608501849,
      0.0001310054836706814,
      0.00012524091249549872,
      0.00011853866359313141,
      0.00011107872480536301,
      0.00010305256340785736,
      9.465504542917711e-05,
      8.607673642415456e-05,
      7.749699662686078e-05,
      6.90781990476456e-05,
      6.0961296695669384e-05,
      5.326285492014155e-05,
      4.607355690064557e-05,
      3.945809341036774e-05,
      3.345626897796368e-05,
      2.808509988229465e-05,
      2.3341646824589924e-05,
      1.9206315983375792e-05,
      1.5646373774006746e-05,
      1.261944883724016e-05,
      1.0076834568340425e-05,
      7.966451666261107e-06,
      6.23537787286706e-06,
      4.831897184706156e-06,
      3.7070602697781474e-06,
      2.8157796400383135e-06,
      2.117506426331112e-06,
      1.5765504210655672e-06,
      1.1621121662743929e-06,
      8.480965295997638e-07
    ],
    [
      1.440858594964308e-06,
      1.9547047957249973e-06,
      2.6254155345887185e-06,
      3.4911778859363177e-06,
      4.596242778254658e-06,
      5.990885209374748e-06,
      7.73100743775316e-06,
      9.877299875018938e-06,
      1.2493883223315753e-05,
      1.5646373774006746e-05,
      1.939934266808004e-05,
      2.38131793688779e-05,
      2.894041851024791e-05,
      3.482164521654316e-05,
      4.148115312042487e-05,
      4.8922586546442625e-05,
      5.71248476588082e-05,
      6.603858433911484e-05,
      7.558358896260359e-05,
      8.56474269102131e-05,
      9.608557324695209e-05,
      0.00010672326570749998,
      0.00011735918418322833,
      0.00012777094675408144,
      0.0001377222784497485,
      0.0001469715723064018,
      0.00015528143534442957,
      0.00016242870749688746,
      0.00016821437075862579,
      0.00017247273782832132,
      0.00017507932945957076,
      0.00017595691825053676,
      0.00017507932945957076,
      0.00017247273782832132,
      0.00016821437075862579,
      0.00016242870749688746,
      0.00015528143534442957,
      0.0001469715723064018,
      0.0001377222784497485,
      0.00012777094675408144,
      0.00011735918418322833,
      0.00010672326570749998,
      9.608557324695209e-05,
      8.56474269102131e-05,
      7.558358896260359e-05,
      6.603858433911484e-05,
      5.71248476588082e-05,
      4.8922586546442625e-05,
      4.148115312042487e-05,
      3.482164521654316e-05,
      2.894041851024791e-05,
      2.38131793688779e-05,
      1.939934266808004e-05,
      1.5646373774006746e-05,
      1.2493883223315753e-05,
      9.877299875018938e-06,
      7.73100743775316e-06,
      5.990885209374748e-06,
      4.596242778254658e-06,
      3.4911778859363177e-06,
      2.6254155345887185e-06,
      1.9547047957249973e-06,
      1.440858594964308e-06,
      1.0515225719998968e-06
    ],
    [
      1.7686900403863152e-06,
      2.3994491313561624e-06,
      3.2227633746513525e-06,
      4.285508361231988e-06,
      5.642003214963586e-06,
      7.353961755824678e-06,
      9.490005407258758e-06,
      1.2124633170743408e-05,
      1.5336554815343028e-05,
      1.9206315983375792e-05,
      2.38131793688779e-05,
      2.9231274551761644e-05,
      3.552508911185361e-05,
      4.2744442306561876e-05,
      5.091915517889706e-05,
      6.0053701228588666e-05,
      7.012218233339017e-05,
      8.106401753094823e-05,
      9.278074995147005e-05,
      0.00010513436328188831,
      0.00011794744954198904,
      0.0001310054836706814,
      0.0001440613401885429,
      0.00015684203971471055,
      0.0001690575488009044,
      0.00018041128884315618,
      0.0001906118540087464,
      0.00019938530972200176,
      0.0002064873563932222,
      0.00021171460870708728,
      0.00021491426526856918,
      0.00021599152750621074,
      0.00021491426526856918,
      0.00021171460870708728,
      0.0002064873563932222,
      0.00019938530972200176,
      0.0001906118540087464,
      0.00018041128884315618,
      0.0001690575488009044,
      0.00015684203971471055,
      0.0001440613401885429,
      0.0001310054836706814,
      0.00011794744954198904,
      0.00010513436328188831,
      9.278074995147005e-05,
      8.106401753094823e-05,
      7.012218233339017e-05,
      6.0053701228588666e-05,
      5.091915517889706e-05,
      4.2744442306561876e-05,
      3.552508911185361e-05,
      2.9231274551761644e-05,
      2.38131793688779e-05,
      1.9206315983375792e-05,
      1.5336554815343028e-05,
      1.2124633170743408e-05,
      9.490005407258758e-06,
      7.353961755824678e-06,
      5.642003214963586e-06,
      4.285508361231988e-06,
      3.2227633746513525e-06,
      2.3994491313561624e-06,
      1.7686900403863152e-06,
      1.290770313504421e-06
    ],
    [
      2.1495084377764534e-06,
      2.9160768908603866e-06,
      3.916659736070509e-06,
      5.2082253940988385e-06,
      6.856788492955625e-06,
      8.937350516079047e-06,
      1.1533307833288524e-05,
      1.473519989956229e-05,
      1.8638683561988354e-05,
      2.3341646824589924e-05,
      2.894041851024791e-05,
      3.552508911185361e-05,
      4.317403109366241e-05,
      5.1947790346541105e-05,
      6.188260871168906e-05,
      7.298392288247564e-05,
      8.522025858640518e-05,
      9.851799111435751e-05,
      0.00011275746475077815,
      0.00012777094675408144,
      0.00014334283125682243,
      0.0001592124035953801,
      0.00017507932945957076,
      0.0001906118540087464,
      0.00020545749640676298,
      0.0002192558214178599,
      0.00023165268033200611,
      0.00024231515744980648,
      0.00025094635279590343,
      0.0002572990899620976,
      0.0002611876677342604,
      0.00026249687636699674,
      0.0002611876677342604,
      0.0002572990899620976,
      0.00025094635279590343,
      0.00024231515744980648,
      0.00023165268033200611,
      0.0002192558214178599,
      0.00020545749640676298,
      0.0001906118540087464,
      0.00017507932945957076,
      0.0001592124035953801,
      0.00014334283125682243,
      0.00012777094675408144,
      0.00011275746475077815,
      9.851799111435751e-05,
      8.522025858640518e-05,
      7.298392288247564e-05,
      6.188260871168906e-05,
      5.1947790346541105e-05,
      4.317403109366241e-05,
      3.552508911185361e-05,
      2.894041851024791e-05,
      2.3341646824589924e-05,
      1.8638683561988354e-05,
      1.473519989956229e-05,
      1.1533307833288524e-05,
      8.937350516079047e-06,
      6.856788492955625e-06,
      5.2082253940988385e-06,
      3.916659736070509e-06,
      2.9160768908603866e-06,
      2.1495084377764534e-06,
      1.5686873430367174e-06
    ],
    [
      2.586328189542705e-06,
      3.508677487913453e-06,
      4.712597218145709e-06,
      6.266632834521054e-06,
      8.250214354779602e-06,
      1.0753584946831078e-05,
      1.3877088660681942e-05,
      1.7729664238121103e-05,
      2.2426407761489357e-05,
      2.808509988229465e-05,
      3.482164521654316e-05,
      4.2744442306561876e-05,
      5.1947790346541105e-05,
      6.250453926884572e-05,
      7.445829592511105e-05,
      8.781560184505235e-05,
      0.00010253858660361326,
      0.00011853866359313141,
      0.0001356718608501849,
      0.0001537363592470847,
      0.00017247273782832132,
      0.00019156729990301433,
      0.0002106586776909476,
      0.00022934769765025186,
      0.0002472102483390869,
      0.00026381264743531395,
      0.00027872877668047607,
      0.0002915580657660531,
      0.00030194327916682127,
      0.00030958700967047064,
      0.0003142658181518077,
      0.0003158410821206903,
      0.0003142658181518077,
      0.00030958700967047064,
      0.00030194327916682127,
      0.0002915580657660531,
      0.00027872877668047607,
      0.00026381264743531395,
      0.0002472102483390869,
      0.00022934769765025186,
      0.0002106586776909476,
      0.00019156729990301433,
      0.00017247273782832132,
      0.0001537363592470847,
      0.0001356718608501849,
      0.00011853866359313141,
      0.00010253858660361326,
      8.781560184505235e-05,
      7.445829592511105e-05,
      6.250453926884572e-05,
      5.1947790346541105e-05,
      4.2744442306561876e-05,
      3.482164521654316e-05,
      2.808509988229465e-05,
      2.2426407761489357e-05,
      1.7729664238121103e-05,
      1.3877088660681942e-05,
      1.0753584946831078e-05,
      8.250214354779602e-06,
      6.266632834521054e-06,
      4.712597218145709e-06,
      3.508677487913453e-06,
      2.586328189542705e-06,
      1.8874735379366973e-06
    ],
    [
      3.080953670710636e-06,
      4.179698782789852e-06,
      5.613863606533998e-06,
      7.465102655021981e-06,
      9.828036636372167e-06,
      1.2810167382932126e-05,
      1.6531029364631615e-05,
      2.1120395445469187e-05,
      2.6715373398080214e-05,
      3.345626897796368e-05,
      4.148115312042487e-05,
      5.091915517889706e-05,
      6.188260871168906e-05,
      7.445829592511105e-05,
      8.869816331619188e-05,
      0.00010461000345745581,
      0.00012214870334833295,
      0.0001412087345276029,
      0.000161618590938541,
      0.00018313785630884796,
      0.00020545749640676298,
      0.00022820382123611078,
      0.00025094635279590343,
      0.00027320957711461755,
      0.00029448827304173877,
      0.0003142658181518077,
      0.00033203460068160796,
      0.0003473174427666278,
      0.0003596887889390049,
      0.0003687943539822816,
      0.00037436796688392824,
      0.00037624449412702545,
      0.00037436796688392824,
      0.0003687943539822816,
      0.0003596887889390049,
      0.0003473174427666278,
      0.00033203460068160796,
      0.0003142658181518077,
      0.00029448827304173877,
      0.00027320957711461755,
      0.00025094635279590343,
      0.00022820382123611078,
      0.00020545749640676298,
      0.00018313785630884796,
      0.000161618590938541,
      0.0001412087345276029,
      0.00012214870334833295,
      0.00010461000345745581,
      8.869816331619188e-05,
      7.445829592511105e-05,
      6.188260871168906e-05,
      5.091915517889706e-05,
      4.148115312042487e-05,
      3.345626897796368e-05,
      2.6715373398080214e-05,
      2.1120395445469187e-05,
      1.6531029364631615e-05,
      1.2810167382932126e-05,
      9.828036636372167e-06,
      7.465102655021981e-06,
      5.613863606533998e-06,
      4.179698782789852e-06,
      3.080953670710636e-06,
      2.2484457110230324e-06
    ],
    [
      3.633655558304724e-06,
      4.929507982708727e-06,
      6.620952106930506e-06,
      8.804290701807057e-06,
      1.1591118779380776e-05,
      1.5108223260971253e-05,
      1.949658227786246e-05,
      2.4909249052849756e-05,
      3.150792754950115e-05,
      3.945809341036774e-05,
      4.8922586546442625e-05,
      6.0053701228588666e-05,
      7.298392288247564e-05,
      8.781560184505235e-05,
      0.00010461000345745581,
      0.00012337631822609816,
      0.0001440613401885429,
      0.0001665406098037984,
      0.0001906118540087464,
      0.00021599152750621074,
      0.00024231515744980648,
      0.00026914201642951334,
      0.00029596440165320946,
      0.0003222214952150289,
      0.0003473174427666278,
      0.0003706429433744472,
      0.00039159932321797286,
      0.00040962380200739807,
      0.00042421448255229615,
      0.00043495352330631573,
      0.0004415270040088788,
      0.00044374016732646207,
      0.0004415270040088788,
      0.00043495352330631573,
      0.00042421448255229615,
      0.00040962380200739807,
      0.00039159932321797286,
      0.0003706429433744472,
      0.0003473174427666278,
      0.0003222214952150289,
      0.00029596440165320946,
      0.00026914201642951334,
      0.00024231515744980648,
      0.00021599152750621074,
      0.0001906118540087464,
      0.0001665406098037984,
      0.0001440613401885429,
      0.00012337631822609816,
      0.00010461000345745581,
      8.781560184505235e-05,
      7.298392288247564e-05,
      6.0053701228588666e-05,
      4.8922586546442625e-05,
      3.945809341036774e-05,
      3.150792754950115e-05,
      2.4909249052849756e-05,
      1.949658227786246e-05,
      1.5108223260971253e-05,
      1.1591118779380776e-05,
      8.804290701807057e-06,
      6.620952106930506e-06,
      4.929507982708727e-06,
      3.633655558304724e-06,
      2.6518013993767046e-06
    ],
    [
      4.2428668405684e-06,
      5.7559792403411126e-06,
      7.73100743775316e-06,
      1.028040012984884e-05,
      1.3534462120859086e-05,
      1.7641237168826722e-05,
      2.2765339511087202e-05,
      2.9085482961710324e-05,
      3.67904824410985e-05,
      4.607355690064557e-05,
      5.71248476588082e-05,
      7.012218233339017e-05,
      8.522025858640518e-05,
      0.00010253858660361326,
      0.00012214870334833295,
      0.0001440613401885429,
      0.00016821437075862579,
      0.0001944624688847074,
      0.00022256944881432058,
      0.00025220422662388357,
      0.00028294122269270844,
      0.0003142658181518077,
      0.0003455851897940849,
      0.00037624449412702545,
      0.00040554797707712654,
      0.0004327841835586094,
      0.00045725406731884503,
      0.00047830049347208787,
      0.0004953374177682798,
      0.0005078769441993432,
      0.0005155525212738617,
      0.0005181367390408638,
      0.0005155525212738617,
      0.0005078769441993432,
      0.0004953374177682798,
      0.00047830049347208787,
      0.00045725406731884503,
      0.0004327841835586094,
      0.00040554797707712654,
      0.00037624449412702545,
      0.0003455851897940849,
      0.0003142658181518077,
      0.00028294122269270844,
      0.00025220422662388357,
      0.00022256944881432058,
      0.0001944624688847074,
      0.00016821437075862579,
      0.0001440613401885429,
      0.00012214870334833295,
      0.00010253858660361326,
      8.522025858640518e-05,
      7.012218233339017e-05,
      5.71248476588082e-05,
      4.607355690064557e-05,
      3.67904824410985e-05,
      2.9085482961710324e-05,
      2.2765339511087202e-05,
      1.7641237168826722e-05,
      1.3534462120859086e-05,
      1.028040012984884e-05,
      7.73100743775316e-06,
      5.7559792403411126e-06,
      4.2428668405684e-06,
      3.096397015251921e-06
    ],
    [
      4.904921959075129e-06,
      6.65413976747559e-06,
      8.937350516079047e-06,
      1.1884549348293763e-05,
      1.5646373774006746e-05,
      2.0393968235646684e-05,
      2.631763330540285e-05,
      3.3623969224093466e-05,
      4.253125351116071e-05,
      5.326285492014155e-05,
      6.603858433911484e-05,
      8.106401753094823e-05,
      9.851799111435751e-05,
      0.00011853866359313141,
      0.0001412087345276029,
      0.0001665406098037984,
      0.0001944624688847074,
      0.0002248063089627357,
      0.0002572990899620976,
      0.0002915580657660531,
      0.0003270912494927872,
      0.00036330372136614394,
      0.00039951015430054657,
      0.00043495352330631573,
      0.0004688295091433068,
      0.0005003156415798914,
      0.0005286037954865826,
      0.0005529342969324551,
      0.0005726296555745137,
      0.0005871258443212446,
      0.0005959991151440302,
      0.0005989865731408742,
      0.0005959991151440302,
      0.0005871258443212446,
      0.0005726296555745137,
      0.0005529342969324551,
      0.0005286037954865826,
      0.0005003156415798914,
      0.0004688295091433068,
      0.00043495352330631573,
      0.00039951015430054657,
      0.00036330372136614394,
      0.0003270912494927872,
      0.0002915580657660531,
      0.0002572990899620976,
      0.0002248063089627357,
      0.0001944624688847074,
      0.0001665406098037984,
      0.0001412087345276029,
      0.00011853866359313141,
      9.851799111435751e-05,
      8.106401753094823e-05,
      6.603858433911484e-05,
      5.326285492014155e-05,
      4.253125351116071e-05,
      3.3623969224093466e-05,
      2.631763330540285e-05,
      2.0393968235646684e-05,
      1.5646373774006746e-05,
      1.1884549348293763e-05,
      8.937350516079047e-06,
      6.65413976747559e-06,
      4.904921959075129e-06,
      3.5795574748910174e-06
    ],
    [
      5.613863606533998e-06,
      7.6159077320907205e-06,
      1.022912642029367e-05,
      1.3602303894560662e-05,
      1.790785032606042e-05,
      2.3341646824589924e-05,
      3.012149939510284e-05,
      3.8483869612871497e-05,
      4.867858412809442e-05,
      6.0961296695669384e-05,
      7.558358896260359e-05,
      9.278074995147005e-05,
      0.00011275746475077815,
      0.0001356718608501849,
      0.000161618590938541,
      0.0001906118540087464,
      0.00022256944881432058,
      0.0002572990899620976,
      0.00029448827304173877,
      0.00033369893104356744,
      0.00037436796688392824,
      0.00041581447299527237,
      0.00045725406731884503,
      0.0004978203069072851,
      0.0005365926188038856,
      0.0005726296555745137,
      0.0006050064882821133,
      0.000632853642168627,
      0.0006553957046154547,
      0.0006719871258689878,
      0.0006821429107231772,
      0.0006855621662922696,
      0.0006821429107231772,
      0.0006719871258689878,
      0.0006553957046154547,
      0.000632853642168627,
      0.0006050064882821133,
      0.0005726296555745137,
      0.0005365926188038856,
      0.0004978203069072851,
      0.00045725406731884503,
      0.00041581447299527237,
      0.00037436796688392824,
      0.00033369893104356744,
      0.00029448827304173877,
      0.0002572990899620976,
      0.00022256944881432058,
      0.0001906118540087464,
      0.000161618590938541,
      0.0001356718608501849,
      0.00011275746475077815,
      9.278074995147005e-05,
      7.558358896260359e-05,
      6.0961296695669384e-05,
      4.867858412809442e-05,
      3.8483869612871497e-05,
      3.012149939510284e-05,
      2.3341646824589924e-05,
      1.790785032606042e-05,
      1.3602303894560662e-05,
      1.022912642029367e-05,
      7.6159077320907205e-06,
      5.613863606533998e-06,
      4.096935201712475e-06
    ],
    [
      6.361340861472154e-06,
      8.629954065318283e-06,
      1.1591118779380776e-05,
      1.541342961626628e-05,
      2.0292252894727625e-05,
      2.6449550991316273e-05,
      3.413213044361413e-05,
      4.3607937319850775e-05,
      5.5160062302233556e-05,
      6.90781990476456e-05,
      8.56474269102131e-05,
      0.00010513436328188831,
      0.00012777094675408144,
      0.0001537363592470847,
      0.00018313785630884796,
      0.00021599152750621074,
      0.00025220422662388357,
      0.0002915580657660531,
      0.00033369893104356744,
      0.000378130427502072,
      0.00042421448255229615,
      0.0004711795268373905,
      0.0005181367390408638,
      0.0005641043106772429,
      0.0006080390959247004,
      0.0006488744083944497,
      0.0006855621662922696,
      0.0007171171256410866,
      0.0007426606288316451,
      0.0007614611721592662,
      0.0007729691840564703,
      0.0007768437082152276,
      0.0007729691840564703,
      0.0007614611721592662,
      0.0007426606288316451,
      0.0007171171256410866,
      0.0006855621662922696,
      0.0006488744083944497,
      0.0006080390959247004,
      0.0005641043106772429,
      0.0005181367390408638,
      0.0004711795268373905,
      0.00042421448255229615,
      0.000378130427502072,
      0.00033369893104356744,
      0.0002915580657660531,
      0.00025220422662388357,
      0.00021599152750621074,
      0.00018313785630884796,
      0.0001537363592470847,
      0.00012777094675408144,
      0.00010513436328188831,
      8.56474269102131e-05,
      6.90781990476456e-05,
      5.5160062302233556e-05,
      4.3607937319850775e-05,
      3.413213044361413e-05,
      2.6449550991316273e-05,
      2.0292252894727625e-05,
      1.541342961626628e-05,
      1.1591118779380776e-05,
      8.629954065318283e-06,
      6.361340861472154e-06,
      4.6424357861355175e-06
    ],
    [
      7.136619339826602e-06,
      9.681716233346538e-06,
      1.3003768270328561e-05,
      1.7291917268373763e-05,
      2.2765339511087202e-05,
      2.9673048692862248e-05,
      3.8291930512431196e-05,
      4.8922586546442625e-05,
      6.188260871168906e-05,
      7.749699662686078e-05,
      9.608557324695209e-05,
      0.00011794744954198904,
      0.00014334283125682243,
      0.00017247273782832132,
      0.00020545749640676298,
      0.00024231515744980648,
      0.00028294122269270844,
      0.0003270912494927872,
      0.00037436796688392824,
      0.00042421448255229615,
      0.00047591495980874553,
      0.0005286037954865826,
      0.0005812838445600881,
      0.000632853642168627,
      0.0006821429107231772,
      0.000727954963097939,
      0.0007691139841675734,
      0.0008045146548846735,
      0.000833171232616695,
      0.0008542630627878736,
      0.0008671735956546087,
      0.0008715203213915492,
      0.0008671735956546087,
      0.0008542630627878736,
      0.000833171232616695,
      0.0008045146548846735,
      0.0007691139841675734,
      0.000727954963097939,
      0.0006821429107231772,
      0.000632853642168627,
      0.0005812838445600881,
      0.0005286037954865826,
      0.00047591495980874553,
      0.00042421448255229615,
      0.00037436796688392824,
      0.0003270912494927872,
      0.00028294122269270844,
      0.00024231515744980648,
      0.00020545749640676298,
      0.00017247273782832132,
      0.00014334283125682243,
      0.00011794744954198904,
      9.608557324695209e-05,
      7.749699662686078e-05,
      6.188260871168906e-05,
      4.8922586546442625e-05,
      3.8291930512431196e-05,
      2.9673048692862248e-05,
      2.2765339511087202e-05,
      1.7291917268373763e-05,
      1.3003768270328561e-05,
      9.681716233346538e-06,
      7.136619339826602e-06,
      5.2082253940988385e-06
    ],
    [
      7.92671882281514e-06,
      1.0753584946831078e-05,
      1.4443423392460784e-05,
      1.9206315983375792e-05,
      2.5285704143314524e-05,
      3.295817002476359e-05,
      4.253125351116071e-05,
